8866
5427
6997
9856
6731
3391
9626
4056
4914
7832
6236
7729
5731
988
2387
1065
4079
4370
3474
4398
8182
4991
4788
8926
2144
1704
5618
1926
3657
4758
8859
49
3999
7544
9260
3453
3147
6752
7150
3807
7674
2222
2111
8778
5219
1296
6064
7686
9358
9554
9546
5265
9867
5294
7239
1295
680
5126
2048
2324
2975
2515
955
2830
5568
5171
2139
9905
7992
6524
3137
7098
7962
4131
586
2355
4702
1266
9002
4861
837
766
6472
8311
2007
453
8610
9516
2367
2124
3031
205
5053
4136
8093
2189
1910
1006
9535
2034
5525
2746
4675
6554
6098
5807
6249
3878
6323
5222
2106
5838
9028
7327
6264
4667
5028
7444
458
8763
8037
5750
8702
7118
2592
5134
2798
7218
5736
2826
9914
5658
6342
9484
4864
2107
2533
7393
9795
7110
3750
8382
9341
7802
3725
9532
467
6038
4412
4366
329
6855
140
9084
1046
3569
3143
4411
7898
7682
5313
676
9770
1886
9942
3242
7273
9470
2693
5819
4282
1960
8562
8138
3688
1382
3195
9047
1587
3197
9822
395
7177
2889
5142
6277
1144
1309
6526
2416
934
4643
2787
6737
5657
7996
1578
1642
823
8273
9695
5923
4127
324
8228
8766
2125
8466
7353
4489
8784
8526
3568
5352
2921
8528
5673
1654
8646
5429
8876
539
2536
4173
9827
9337
2392
2539
1971
1951
8055
495
9015
8992
863
3054
1029
1550
4586
1997
1825
1415
6453
9070
7947
5583
1064
387
4374
3825
7409
3094
1191
5894
4039
4262
0
4669
7588
287
7204
416
6755
7911
7673
3815
7051
1747
2914
8488
5802
2774
2946
9909
5718
8753
5040
5799
2556
1473
4228
9446
6510
646
6494
2641
1816
5231
9642
2701
1975
8160
7604
5913
7863
1320
820
5432
1446
465
6833
2506
8902
1811
7728
9650
9974
6662
447
4081
4041
6364
4561
6047
9861
7503
2898
1348
7645
2816
8789
7142
1020
5723
7029
3636
6949
6750
3263
2293
5061
7284
1714
5419
1749
3959
2988
4491
3101
9397
2177
6653
4863
163
315
1012
8543
3699
6274
6289
27
190
8158
8962
8940
5883
6331
5903
8263
7223
6017
8496
4718
7572
7774
6851
7203
7995
335
6138
9989
3172
4026
5008
7388
7751
1536
7219
4094
8188
2908
5076
6158
2432
996
3152
3795
2280
4617
7888
2247
9841
1116
6803
4323
1790
9961
8741
8084
6751
5964
3129
7042
1915
4585
1571
2079
6350
3287
6353
9370
5714
6904
1758
4562
4276
4182
4391
9338
5552
843
5581
6099
5349
1081
7573
3626
8010
8692
5166
6891
5985
8501
896
7035
4910
5901
9985
2964
7074
2758
6090
8477
5722
8661
2808
2109
3051
3099
6619
4377
378
5439
7557
5572
4896
1508
8542
973
1293
2956
8611
2991
1839
2479
4932
9224
4569
8119
1486
9569
1031
79
8327
7386
1037
1380
3161
9417
4388
9571
8621
4000
5839
271
4446
4494
9665
5633
3230
2501
2308
1047
5556
6881
7841
2521
9973
6471
2905
6612
1618
569
4186
4619
4715
5256
1522
5237
6963
2306
6795
7804
7315
4201
8664
6878
5554
2221
8718
9079
628
5467
1700
1199
5921
6454
6569
5187
2060
3068
6247
7987
7274
4250
8339
2316
3501
6433
9553
5663
965
6796
8641
7125
8114
6233
6665
3005
8288
5333
8150
7021
9402
8211
4755
6539
3272
3252
8938
9403
8024
2170
228
7229
3826
8485
4460
3032
8817
4137
8910
5628
1636
3582
2426
1379
2461
4904
7893
9091
1838
23
6112
9944
5199
7123
5278
4149
9449
5297
2092
5194
7262
1327
7310
7659
2169
5120
9205
6117
1743
8640
5268
9307
5396
2572
2439
9839
2984
9266
6242
5029
2110
8202
7535
5856
1980
7167
5977
5229
5150
4321
5084
784
6846
2326
8654
5622
9014
8256
333
1831
5488
8118
415
3080
1583
266
5837
5066
7764
5734
4240
300
7931
1061
9262
5852
6232
4225
7391
8046
776
4535
9462
1824
6434
8581
7436
2402
7940
2223
9688
8050
6065
6683
3493
1717
5616
6663
2200
9173
5474
2926
7969
4869
588
4272
5938
5087
3520
8932
903
7568
6650
3106
7392
7490
4633
6900
7879
6287
1671
6932
8373
1793
3644
2481
9531
6632
6338
3718
7697
3559
5438
2173
5577
2822
17
3415
9142
390
6875
9843
7737
8834
1736
6535
9910
103
5941
731
2530
1441
176
7416
5243
5193
1850
4551
8223
4265
7014
8089
6811
478
5999
4084
3060
5884
2149
9666
6020
4817
9159
6295
8103
4813
7474
337
3302
4260
6688
3127
9883
9518
7825
4218
2191
5465
3952
1430
360
7722
9677
6557
4151
258
2452
9584
8589
9167
9965
2919
1492
1409
7022
53
3495
8092
96
9957
2710
114
2198
5745
1024
385
5686
394
6130
8985
5499
990
8491
7347
1099
2660
4656
4001
1921
6674
5391
3726
9815
3970
5383
4939
9947
9020
8437
535
6177
1336
9081
3906
3900
6380
8626
6658
1204
5018
8038
6094
8765
9169
3347
4613
2731
2747
9818
8560
8275
1436
2460
8215
325
9680
5216
1888
4924
3861
8444
4527
644
8161
1713
4176
6517
2057
7705
1201
3599
4304
8234
1373
8952
3799
2498
7289
2562
7473
8009
3260
2484
9060
363
6555
5213
9874
9439
3622
7922
5355
5816
6773
6828
9182
9356
9391
9129
4532
2969
233
3928
876
2638
798
936
3261
3517
3362
8852
5049
3500
8722
2471
2989
9413
5072
954
5530
9893
7516
1206
2390
5393
2261
7457
6869
4242
9649
8241
6219
7707
5119
9309
9318
5014
7132
7044
7451
3974
5239
6400
9855
7075
4688
136
6715
8944
4511
5881
8988
570
603
7165
2457
621
6438
128
39
9811
184
3081
9097
3778
931
7267
6593
2428
9245
915
3462
3676
4699
3910
5656
674
9293
5563
6769
5167
6823
2540
5316
2186
8837
3296
9796
2892
9354
3756
3446
6556
7800
4261
9365
3904
7660
1311
6577
9380
1941
6188
538
893
6723
8021
3533
3378
8457
532
8213
461
6649
2593
550
5795
1035
1652
8222
5997
4011
3193
5459
9826
7844
1629
4015
153
4588
275
7530
268
1584
2625
5974
5106
2253
9879
2138
4116
5221
3467
5597
5284
8272
26
1930
9550
2105
9604
2134
1274
9505
3007
2058
5749
1682
9406
7900
1130
7617
8371
4123
6654
6684
71
9711
8165
338
3946
993
3918
5971
9573
3605
3013
2977
3708
790
3409
8857
2590
4290
6089
6705
4492
4219
1916
318
7169
5516
6941
4027
105
9920
1774
2315
2585
7610
9671
3858
9575
9588
1697
7878
707
1692
3180
8186
2391
7192
1974
5880
5012
4855
8672
1709
2388
3371
1913
9400
4085
1877
4799
3829
480
6273
5531
6841
4399
8695
9179
9723
2807
770
6564
1718
5871
6137
7913
5768
6785
7781
3365
6060
5771
2276
3386
8720
4104
185
6523
5271
5310
402
8013
5828
706
4564
7481
7195
1451
2695
1233
1730
7079
1092
6093
1381
709
4839
6346
1346
1904
3175
3418
4254
6255
5206
7592
294
4891
9738
1495
6217
7383
8043
8163
412
5968
5737
59
5440
4793
3348
5846
8313
2341
3192
3994
2940
1750
4965
4529
3154
963
1991
1783
4471
834
1809
7768
2447
6948
7424
8508
5412
8707
6390
868
1845
796
5623
5292
2329
3847
2327
3404
6862
8361
9908
6714
8181
4678
501
5155
9280
4625
7689
2616
5468
9268
3416
2136
4650
9622
7336
9487
6966
520
469
7309
6531
6402
2287
8810
5994
3440
462
7907
6782
2078
2802
3634
8614
7085
1181
6596
7295
821
2785
4941
6666
3780
3738
6933
3419
4744
9281
602
3620
4938
6254
5570
6914
6626
5649
6699
9037
9798
4580
2364
5390
715
5362
5849
7230
5255
5790
6394
7603
3395
9902
3166
3488
6428
4409
7849
2714
2944
6975
5400
3363
9641
2075
9168
8295
7339
9340
9907
7767
7131
4958
1691
3352
1562
5811
7389
7291
3074
9932
4729
6362
1148
6266
3610
3497
7973
638
2829
3008
6741
7197
1161
5719
9851
7005
356
5430
6054
5264
1637
486
8683
5135
7814
5875
1194
5366
1405
7402
9615
6358
9547
5267
4549
4418
5176
801
9441
7567
2560
8323
3239
5324
133
2301
8513
9972
1215
4785
5353
3912
8961
4982
5590
744
7437
2502
8255
4847
6614
6473
5756
2567
9990
8106
786
5899
1329
6023
7062
9311
9760
7785
4003
8412
1753
3531
5493
886
2356
6367
4289
2464
3696
5092
1591
7949
1741
9249
5671
4332
8752
147
312
992
8647
4728
423
7869
4163
4706
499
2489
9658
8251
9325
6954
191
7257
8597
6051
1176
4320
2333
7149
708
4594
8310
6354
2677
531
7122
8632
5011
8357
3039
8928
5784
4943
5312
2507
6616
3191
7934
7718
8649
3475
8794
4819
1664
8325
9171
8690
3441
3784
3258
6979
702
30
3839
2996
9175
5184
2541
9766
4969
1385
5917
1520
6321
7181
4099
8220
5039
8237
3661
1159
4698
4122
3139
6386
9177
6200
7794
7759
6024
9637
3149
3135
7892
7904
4993
9156
6084
9010
200
5509
4364
317
3065
5233
1823
5817
6041
8639
3669
5978
6801
859
3997
3637
4175
8711
6924
5486
342
749
9315
477
7007
4432
8694
255
9633
8144
379
2351
8197
4346
5503
2814
600
7566
500
1919
2038
6134
8937
8004
758
6598
6376
4507
1111
4307
8699
5322
8829
3265
7312
7505
7850
9150
7135
7928
4029
5483
1606
1719
7858
7989
8793
6222
5753
5610
3026
3273
6464
2570
4574
5384
1257
8587
6109
687
6893
698
881
4692
434
192
132
5987
3549
6443
4919
534
865
7499
9140
1078
1413
243
7513
2043
3281
4109
8643
8166
1411
6405
7138
6678
8512
8578
9286
0
614
1419
7703
8233
2963
1802
2552
2698
6691
1541
8409
1560
2676
33
6115
8379
6238
9118
3381
7784
9117
613
2935
7136
7766
2980
7565
6419
7302
754
3553
5388
5727
3221
813
8637
3844
6546
4496
5748
5165
3176
8258
3647
4618
558
1754
4901
5013
6133
4759
9643
924
5733
643
7725
5729
4033
2088
6874
3405
6106
3062
8020
3412
2433
432
6885
3398
9655
5090
7060
9063
5146
5780
5273
9559
485
3247
6956
4407
1072
2675
3311
2575
4823
5394
322
1279
4644
1410
6898
5870
9566
5016
7419
8845
7017
4387
8040
5020
3322
9728
7938
4693
7095
2869
6711
1803
7669
8550
3036
446
1581
6203
4887
9292
2614
5904
9451
1262
6977
9152
6764
1094
3321
7248
7186
4139
1909
8111
5492
1212
5560
4621
7340
2551
8850
6102
6225
1577
6248
5781
3813
6597
509
3749
6485
4942
5805
6497
3266
6383
7986
7896
9729
370
6120
6732
2565
1989
9319
7170
8061
451
817
4372
9937
1096
9367
4428
1155
3758
9857
1484
1074
2196
7442
9211
7559
2568
5386
548
9478
7048
5575
1353
3909
581
9497
2994
3182
3821
7387
6605
9228
832
9504
8302
7637
1163
4439
2281
57
7466
1722
7656
1898
7511
7015
6469
7657
3006
8210
912
1901
985
5007
5785
4475
9285
5743
9709
5338
1376
2788
7958
8178
7755
7946
8475
5099
4479
2910
9082
7104
7598
5868
6747
4921
2856
8072
4651
9746
4697
7515
9053
3595
3513
1623
8108
5374
1626
6411
7361
5678
4990
6091
3324
6606
542
8761
4150
6901
6477
7286
2374
8459
8864
2248
4502
1160
1504
367
5416
8701
4314
7305
1594
841
1592
5764
2658
6865
9583
8329
7290
6197
417
5367
7960
5854
8602
9254
5464
6744
9157
6466
8141
3800
667
2846
842
3998
7323
8252
9959
3282
7404
5693
9192
2291
2632
5948
6717
5594
5332
6250
188
7480
366
544
5532
5098
6198
4666
1695
6349
2114
8726
2143
8978
1427
615
2290
5707
528
1733
1456
8298
5584
6145
4947
5479
8968
3971
8260
3920
8321
8642
3681
5632
7521
9210
9238
831
2793
2500
90
5359
9757
7655
3374
6170
3136
3650
8023
8493
2233
4736
529
918
1900
5364
9146
4339
3267
6228
2119
9923
828
8537
2323
3859
3822
8142
573
6396
5916
3151
1242
7371
7763
704
3686
8555
4638
7950
6839
4013
5161
7432
1673
3965
9461
2152
7397
4792
9011
9852
6121
3235
9229
6779
6897
641
9247
6435
3383
8745
525
8441
7740
8912
8973
3508
5385
2694
5989
6985
1209
1011
8980
5680
2451
6174
9877
7731
8948
6075
6544
4329
9049
6229
8904
5726
7866
9000
7558
5382
6810
2159
6843
2863
7406
1769
7469
8269
7064
1393
305
7439
9105
4865
6002
1734
6018
6984
2825
5408
2080
3899
1893
9042
7873
165
1263
2917
8446
5311
8267
3643
7578
6620
4077
5626
1224
2286
4797
4719
1876
7440
74
3850
1565
6859
4267
634
4761
2292
8607
1644
4476
6498
1676
4545
2661
9458
7459
9312
9139
3792
3618
9954
1489
1447
8874
9502
5895
3653
9135
7581
9578
6003
9846
8415
5988
9277
4940
902
9528
6223
2381
2750
7276
5276
7091
6286
2847
1798
7805
7663
8759
9499
3685
7856
9242
1766
6167
6567
1432
7130
9443
9703
7541
8002
2957
2488
3088
1174
6590
5017
7719
1855
5936
5976
5478
959
6643
3851
9393
2873
9676
7401
2554
4681
2236
7819
5915
3635
6698
8006
9321
4786
9136
5437
1759
8377
7461
4483
5182
5190
1041
7031
7050
9490
9530
7643
5801
7587
9696
794
8217
1557
605
3607
9869
2197
6580
8675
3743
9226
8914
9773
5834
7550
5858
5720
1371
5055
183
2685
4845
7105
7277
5446
9111
2884
9898
2848
7797
6220
1897
9731
6360
3709
7507
4263
738
9804
5617
5471
4805
8433
2531
3116
1905
2879
7842
2207
7129
1979
5290
870
5857
7830
3747
2454
9077
196
3866
9721
4197
3331
942
9507
1079
3291
1873
6190
6950
6765
1009
7945
5518
686
618
1670
8612
2395
4558
4533
8762
5095
4021
5287
747
4583
3181
265
8805
7646
8964
5636
110
4662
3183
289
3016
8316
1038
5409
2386
7452
1859
5026
2851
9493
5827
2770
9199
1822
2801
1452
8283
2786
8666
4630
9689
2016
5639
6163
8943
5712
7189
9602
5888
6012
6640
2682
1459
7818
5170
767
9610
1852
7862
8472
9256
6160
1762
7685
2725
6552
577
261
9661
1058
7715
6103
4517
3781
4202
7082
2586
4294
8137
6009
4343
4204
3075
3811
4069
48
2751
2389
4456
8989
6766
7943
5179
4259
4734
7484
3086
8519
806
5283
3843
890
1549
8735
194
9533
5337
8617
3366
6887
1907
3283
4229
691
2706
718
6536
3456
9351
1720
7033
6812
222
8953
4752
119
9316
4425
2213
481
8739
894
622
3046
2346
4627
7415
7626
5961
3390
2538
166
5980
7770
5102
8799
3649
5589
3625
7739
7826
6015
5770
5019
6802
6389
9363
8355
9812
8929
8100
7306
5189
2042
2001
5074
8105
1269
3961
8747
9808
7399
4546
8827
3451
4342
2832
2121
5470
9817
7410
9099
8523
9510
8955
4426
5447
4143
522
8071
1435
5981
8832
5599
7998
6450
6566
6135
6676
1261
7894
7811
932
1366
2607
9702
2930
9373
8779
6478
1950
6840
3604
7420
1238
6502
1290
4927
4705
7379
1397
9472
6095
9197
2875
8390
5951
987
3248
6211
7078
8030
5598
3905
8892
5445
9144
5137
8340
9831
9153
983
5211
4010
4394
5775
5453
763
156
3246
8349
3940
7555
4405
6625
9048
3179
9193
3890
4987
8110
3162
4642
4299
1016
9848
8135
1954
9494
8008
1118
3414
3674
5143
8772
3132
9735
3762
227
9814
1986
5435
8788
3506
8769
3816
2550
7532
5619
2833
8688
1614
4632
7902
5798
62
115
599
5298
5301
2401
6351
3673
3703
6202
8123
5787
3590
5380
5950
1800
2792
3025
8895
8096
728
3729
1633
334
1070
3924
6622
443
7221
9125
2098
1687
3210
4530
487
102
6272
4292
6553
5192
2762
1635
8559
8733
1966
5024
8652
1959
4920
3818
5456
2619
1482
7298
5593
8033
3509
7278
5829
9919
3284
2160
6212
4512
7269
4504
392
1752
201
1364
8399
7720
1258
8781
6490
6143
1164
4478
3804
9088
5308
4436
9708
3238
4519
7914
8934
2211
6161
590
2296
4124
4118
2466
8086
142
449
3562
9488
2064
7405
4401
1177
6191
6407
4899
2823
9191
1995
7413
7006
1947
3121
7981
7057
1487
4125
6776
7919
1725
3112
2332
6076
5086
5325
6310
7968
7618
3388
4422
5853
8737
5891
1060
3802
3773
7407
7734
3158
9290
7139
2954
1544
9612
4573
2818
2370
3567
1172
5823
2564
9283
4451
2264
7601
2753
7775
1970
7761
6037
6422
3396
611
8205
3902
9791
4852
862
7232
7037
6817
8152
4379
8287
8967
9951
122
9468
587
9538
8869
2423
9593
2860
6791
2414
4771
2431
7127
1968
9938
507
3948
430
3693
2270
720
5547
3798
2126
9617
3072
8280
6581
9421
9098
2850
2699
3969
5230
3522
9096
8871
3504
5052
1701
2553
2933
9865
7956
6681
5908
7208
8401
6077
6326
5669
2979
9138
928
1496
9876
9739
6965
5975
8813
9557
7220
397
5472
1022
7635
2582
9416
2715
126
5776
2755
2171
9120
9018
3990
313
9013
7839
5728
8194
8410
2955
8081
5865
1880
5075
4915
8584
1127
3633
5806
8467
2485
2866
6055
4820
418
414
5906
9368
8176
1878
3103
8728
5698
4384
7700
7564
8039
7662
4773
7820
6813
3827
4510
1615
1679
336
9775
8465
7632
8883
7365
8402
9094
8615
519
1849
9771
1543
1027
4252
8413
2819
4115
3429
6712
463
2624
804
2400
3350
5344
616
8070
8453
5015
1437
4723
1246
710
410
3869
1982
301
7744
5260
4968
5755
4543
6754
8644
8875
8861
3978
2978
2348
5250
3664
5979
1801
3108
3285
7991
8057
9445
2279
3355
278
6144
7311
6104
830
5630
442
5342
9233
9636
8012
7455
1132
6348
5540
6176
7523
9107
8780
5331
8244
7041
4710
8290
7134
5376
3156
3226
4787
3177
6971
3692
5889
7032
9648
6052
7477
5100
4620
150
6886
6180
4748
1728
9948
7013
4110
9108
966
2717
8984
1961
2492
3113
9419
5485
5185
2838
8775
7308
6628
5188
1942
8079
753
592
6953
9486
8698
9180
3860
6863
6994
4354
9963
7817
3358
5706
9628
712
6545
2382
9204
648
8324
4598
8691
3417
4739
6258
8104
5973
2589
5579
6210
4756
2046
3848
7553
3668
6414
2915
6053
1678
6867
2010
4937
2613
2282
4571
3455
2763
8573
9061
7579
8561
5133
371
8372
8533
2635
2511
4593
9236
1143
7175
1894
2797
7726
7589
9344
6260
1341
6282
3114
3256
9258
3870
7251
2877
1433
1694
3399
256
5124
4760
2645
474
2231
8041
5406
7838
5709
1391
7512
9133
6315
8887
1322
2666
5982
9350
7027
5209
1503
1305
6007
4850
4198
9854
8633
2153
3000
6921
968
6181
1344
6185
81
6656
6271
9485
3206
8773
3763
655
4782
9900
6107
3767
6573
2330
7087
5629
8913
3687
769
3413
7367
7109
2549
9512
9970
7887
5843
5491
791
9585
3680
1745
4438
3244
6431
2583
4408
3515
4851
9038
6162
7540
8509
1608
9375
4997
2066
4945
8420
8219
2345
5398
9422
8586
6043
7463
6279
7447
2477
6487
6486
7176
6534
4156
8335
9492
6363
8958
3448
8029
9114
6548
5044
819
25
3782
3783
2470
6301
883
3476
5180
8452
6884
4540
7747
3070
6582
80
4172
4696
4963
8300
4098
2708
2901
8167
1334
3873
5127
9625
8544
4745
405
756
77
1956
2032
6857
8540
6525
1399
3424
1515
4567
8095
6373
8174
7821
3737
1638
8407
4231
5158
6417
3225
7293
9116
3564
8592
9160
3131
8803
4886
7597
6231
1217
9214
3727
642
3558
6086
6816
8842
3592
6757
1277
6395
2039
4733
9083
3894
1057
6763
9558
7233
8383
9793
8203
5508
7241
5089
8431
8802
6589
9385
5413
6296
4247
3921
2545
8291
5368
5703
4210
6014
296
8454
8143
4804
8531
5672
3041
4107
745
9511
920
151
1787
6413
2113
5054
2366
3435
9834
879
2208
7683
8916
1226
3712
4995
2503
2896
5931
2421
6964
4007
8294
24
925
9500
7166
7619
9227
9672
6291
941
4747
4809
2438
2226
7771
9870
6234
6562
8601
2651
891
6171
6021
6646
6530
6883
7895
1043
7092
9952
7403
9291
6196
8127
4203
2953
3194
9332
34
2185
6164
1203
810
4972
4908
6340
9605
1813
1045
5582
8434
9522
408
4187
4243
3442
4153
1865
7824
4828
2108
3842
8872
7537
3541
7522
9149
743
1936
2839
290
217
2831
8450
1080
733
7019
6139
6333
5676
7025
9576
8729
9913
7020
4209
2794
7671
8419
61
2101
2480
1273
1286
8605
8998
5197
8619
2810
3932
7602
6835
6730
4634
9154
1948
9333
3702
169
1491
7801
1746
7653
4482
3367
2239
5820
4870
4602
3523
4458
1216
4883
364
7215
9187
3507
8716
6491
4034
6913
9563
9323
1478
1696
1019
7607
5666
2681
4135
4825
7252
1757
5766
9234
1237
7073
8947
4505
6257
9675
8231
5534
5646
8774
5466
6125
1779
1202
7126
1756
9627
6519
1347
6623
1621
3891
9383
8697
8867
3146
1113
6365
3066
5607
2074
3810
6738
7614
7666
4884
1085
2692
748
6079
4341
4088
2557
3059
2036
8742
8334
5442
8468
4663
3589
945
7528
5069
5207
7615
6369
2895
768
2532
9433
714
5482
8535
9357
8764
3548
9761
9927
678
6771
2618
734
6313
7319
7359
789
7322
6789
6463
8882
7180
1760
3249
9251
4431
3270
375
4022
8684
4495
3981
8858
9220
4750
1684
8884
555
2783
5059
1858
9198
1874
5752
9936
8411
4526
8062
8330
272
4445
6559
6700
8094
751
4284
5262
8200
286
5716
1952
2742
1075
8777
5006
547
3511
5559
4679
3279
2739
9062
7133
5741
9371
2307
5266
7786
7245
8196
1147
181
8074
9390
4283
4582
2017
554
2796
6461
4572
439
6995
7385
7214
1672
9145
7680
7201
636
8403
7890
7538
6253
3510
2525
8595
7182
4481
7113
3845
8389
2179
3540
7952
4183
6437
3514
5558
7980
2242
7492
9216
5804
5896
7924
1815
8307
885
2129
5885
5721
8524
8966
3499
436
6152
3457
5128
5399
9993
8151
46
5655
5814
6687
7099
3751
1768
3003
6736
9110
5705
9984
5302
2436
9897
2748
6591
8901
9803
1240
4340
1297
2657
7853
7833
8305
4772
3968
4912
3769
1732
4500
3898
8549
1911
3879
1360
3187
1333
1511
9534
9431
3820
9541
1337
9106
6241
576
1597
8183
4266
7334
7803
2120
9521
7543
4308
8432
7294
4317
4506
1306
8520
2062
1744
2962
349
8416
1018
6583
5
220
8189
2730
976
8125
2709
3165
1965
3993
1401
7748
320
2340
2543
5730
6499
7280
134
836
2254
2369
3090
3956
450
9960
2157
1175
9250
3240
3466
8054
9519
3411
6943
2020
3316
8170
692
5047
514
9835
1186
957
3229
856
8400
2967
6406
7478
6733
7612
3922
8674
9314
264
1146
7173
8312
2824
7871
6814
1523
401
1090
8500
3220
664
895
1095
5484
4352
4178
6928
3658
6430
491
5125
3330
6026
1923
1748
1987
7959
8306
1513
2053
4794
5601
98
5654
4934
7927
4898
6265
8740
9209
7706
8486
8083
9035
4312
9591
6329
6871
7260
3034
225
8347
9858
3544
9155
4382
4064
1861
8665
3001
9
8425
5739
2970
2782
5424
9873
5864
8443
1017
4541
357
9065
1185
6655
4357
2362
9201
2939
94
4895
7250
5245
1469
4925
1710
6920
1053
4097
9163
2844
2277
8429
2667
2285
9953
4576
6585
5154
4363
7760
2059
182
2722
656
7672
3304
3561
5289
8700
1715
6637
1126
9758
1518
9444
280
8922
5932
2368
9722
904
6644
9847
7599
1864
3720
1586
7465
7162
2358
4410
2338
3339
8318
1794
4818
239
6304
5314
2304
4954
5692
3327
2690
106
2707
7585
6029
3047
9888
3570
7881
5082
4874
9399
9459
9823
9755
2424
4132
8751
3516
9981
2804
9597
1156
7094
7084
2462
5876
681
2331
8463
1867
1524
3992
1547
5970
1298
1275
5145
6721
5608
8911
8345
9007
427
8155
135
6724
3200
4121
8489
7224
9763
4470
9381
7921
158
7834
1685
2547
4199
9620
4058
2210
5812
9524
997
1832
5751
2640
8147
9017
653
752
6385
8218
8069
5830
2449
7446
8631
7782
8511
847
8342
556
9556
4563
3095
4025
8598
4152
3855
9469
3771
8492
1912
2902
2015
8018
4473
6074
8577
765
9635
7258
174
911
9329
3996
6896
5527
3949
1055
4595
637
9736
8885
2004
3627
5574
1967
73
6267
7349
3933
2815
9119
977
7210
9737
502
6306
6716
8659
8225
2147
8746
7115
7238
1252
1025
4253
131
2634
2055
8478
4103
9782
8791
4660
694
5942
3744
5842
2217
157
1939
7362
7107
2599
2118
1420
7373
9864
8169
4862
89
6930
4423
2000
6275
6926
3299
3201
1197
3823
4448
8819
9217
5130
5587
3045
7067
5378
4427
1179
4195
1049
3539
2091
7028
1840
5123
2923
4044
6169
8476
2684
4280
253
1862
3716
7688
2581
7848
7967
8951
1372
242
6445
8332
1829
2671
4108
4337
9072
9188
6046
1173
6341
6845
189
4268
2909
3677
4043
101
8552
2878
3173
2689
4344
6648
1918
2509
3110
2093
7354
2413
9523
7605
1872
6476
2006
3926
326
5401
5603
9103
5186
1313
1402
3171
7489
3761
3871
1820
4668
6013
7497
9166
9425
7677
4871
6588
3672
7883
565
420
7977
2322
6902
1417
9833
1891
2813
3943
3447
7460
8935
7187
9964
2880
5521
8851
2344
9683
2494
5740
746
4911
1540
608
8214
6482
8427
610
8328
3957
4677
8816
180
5624
696
7708
4648
3881
7164
3639
6372
2359
4827
5612
5544
673
8398
8987
4559
5641
1526
5285
3480
104
4846
3659
5614
1729
9840
7692
5115
7213
6061
3638
1312
8917
5122
3591
9023
2723
3217
5436
3919
1653
8624
3268
3960
6359
8591
9777
871
1944
7864
4078
564
8132
4838
6204
6634
8831
1303
3482
5361
6935
9517
8191
2584
4040
8731
6572
7742
2510
716
2867
3426
8785
8959
5664
2446
3789
9275
6642
1198
6045
9026
5109
3408
9513
5826
5148
2184
7026
1171
545
4623
3012
4701
2212
721
4704
4420
8059
6165
1392
8771
9750
8575
1645
5866
4711
4918
9930
572
1439
9423
553
6439
5604
262
2976
578
2686
3503
8253
5567
9630
9632
5898
4629
1158
3
1924
1471
7837
3791
7634
8015
9304
7783
1751
9271
4897
32
9388
6788
2009
1984
4166
5803
3053
4694
438
6639
5291
6246
267
2508
7236
5788
8484
1658
4581
4179
3224
3305
2383
5984
4217
4515
1605
5063
8047
5144
9785
2328
6182
484
6444
9778
503
8613
223
2030
7920
4628
9725
9361
7023
7889
13
5926
1702
3011
2628
4998
5038
6357
5414
1359
7733
9506
4488
6302
5877
8122
193
6303
5919
8236
7285
381
141
9327
3159
5136
9092
308
298
1842
8525
8946
1314
9832
2885
624
927
4877
8242
5962
7930
5411
9780
5395
958
9442
626
4349
2888
8464
6636
5510
1271
742
4537
6288
6157
3487
8418
1789
2559
1077
9464
4406
5175
7147
2175
6175
4226
9830
897
3566
1389
8706
2749
7792
4330
7606
297
1299
7580
7596
6325
7332
877
8455
2425
4293
213
5433
4905
1844
1854
4083
8755
4955
226
2528
6066
5713
9320
5183
3665
7696
4749
7591
4879
7776
7827
5340
9382
3218
4335
7710
1903
311
549
5236
9253
6706
3512
6183
7237
4803
1963
8075
4607
7080
1477
4528
3552
6832
9362
6114
3130
905
9301
7016
4967
8574
6081
171
9089
8806
5448
5358
4961
7054
5450
6576
3545
3573
1665
3529
3868
8839
5172
4695
7318
1013
3227
8145
2623
9733
7629
3289
5704
7545
6983
2262
8623
9700
7983
5914
8301
3333
6560
3505
6694
4522
3288
5428
6370
1304
7908
7788
2542
1611
6604
6944
7571
8337
6059
3091
489
4720
7897
6584
4599
7102
1983
9407
8017
2265
9762
3093
5202
306
7944
328
2417
6028
9239
6850
4900
3043
1004
1426
3360
7303
5046
5890
7137
3432
3471
1481
1977
9807
1545
7574
860
3907
8320
2309
4547
4313
4234
9473
7059
3484
3936
5872
8997
362
5675
9996
2871
299
6961
8863
6278
5101
3828
7501
8717
4416
4608
4468
9912
55
5661
6226
2841
9590
8954
3707
8177
7472
7963
2769
774
9196
6998
3082
6664
353
6168
7124
6032
3730
31
2777
5609
2857
757
647
7350
2396
7711
75
782
60
6759
5163
1039
9606
6224
6877
2929
4074
8905
8227
5093
527
5497
8000
3035
9190
7464
8570
1449
3770
3975
2172
5309
7172
3343
8835
8756
9265
6208
7259
7641
5600
1600
2218
4858
4224
3830
8268
9567
3556
2434
6335
3294
5280
8709
5204
6907
1098
5665
5958
2266
9686
5108
1076
3140
2354
3852
5212
3184
7423
3571
3318
800
8343
3987
730
9988
8899
5924
978
8157
7360
6550
5667
6942
3628
7647
6243
9906
7955
8469
7539
9514
6607
933
1440
5201
8376
1219
5963
9748
699
9410
7445
7791
340
3361
5475
2696
8974
8748
5422
5348
4690
845
2373
2194
8868
4051
4301
7376
1512
2040
6529
9651
8368
2779
8797
1105
6505
2534
1622
9849
889
3554
3929
5227
2743
6827
5878
3211
3434
8206
2412
1782
9802
9432
4536
6479
9660
3939
4362
2219
2274
2220
1292
5330
3796
2008
9039
7701
1230
373
4784
8430
5498
7493
3721
6804
4295
9592
9783
4367
464
5937
2317
5168
6922
5208
5578
6651
1458
5067
5792
2993
149
5580
4923
4480
8392
2789
6889
1429
7344
1398
1052
6416
2595
2496
921
9837
1683
195
4635
7114
5800
12
8426
7942
2621
1964
9726
2973
8048
7441
1229
1462
6695
3092
116
482
9579
6307
951
9460
8671
4983
374
9430
2938
2803
2246
2443
9616
9379
7366
4049
6735
3691
2897
4497
8855
2378
4128
3406
8931
5615
1056
3908
1655
5050
2569
4778
878
523
9178
4315
3257
4443
922
9657
9408
1315
7355
7183
2269
5983
9786
4296
1712
7527
7964
2868
1291
8271
3128
4463
7008
7640
6337
3104
6633
9599
9113
5083
7639
6384
8956
3765
7199
5153
1386
5679
3460
3748
2255
6787
5886
7772
5286
1104
16
7382
1468
1488
8240
2579
5104
9034
92
3342
123
399
4454
2224
9885
9115
732
7227
6680
5659
4477
7787
8724
9756
9288
2727
6371
986
7974
215
4649
9821
5808
8853
9294
9842
3752
3312
6119
3550
1498
2166
6506
899
1887
4781
962
7212
8239
7790
5927
8730
9664
3925
3401
6467
8679
1103
7933
9024
5965
8259
3144
7752
5815
855
717
3040
5293
1507
8115
956
4016
7691
4235
1674
2913
3793
5850
6621
9342
9922
1414
1066
4080
7205
2012
1631
1042
4273
5553
4117
4674
9396
9305
2654
5034
8049
9073
8458
137
9694
2142
5674
6888
9019
1251
1474
9544
4068
7330
4258
4670
7910
5152
9022
9143
3874
824
9836
3614
7951
9859
4992
771
7378
609
1154
2371
7246
3536
3255
9215
8996
7816
3325
7741
9437
1000
45
6722
4903
9673
4584
6375
4442
7769
2999
9792
4413
6403
9629
2399
6992
9001
7654
8993
4120
6159
783
5796
6151
3594
4059
5638
6866
7758
8719
7721
6931
3576
8289
8067
5139
1010
9647
109
8801
3585
118
9638
2305
6727
3353
873
3794
2278
8126
8265
2527
9352
5900
7000
8498
1580
8821
8986
2737
7762
5772
8880
1222
7648
3697
657
7495
107
6004
9911
1245
541
6442
7380
8087
9491
7620
737
7518
4684
7363
6492
8888
9998
8293
3927
2483
1988
7829
7058
2325
7061
2644
5240
8582
9940
1902
3071
5586
537
6861
108
5241
3690
1153
8545
6822
9875
6036
2190
612
6670
167
5747
5140
249
5993
3329
5831
7163
3652
9987
8276
1192
6097
9328
2960
3629
3916
3141
7595
9769
9335
1737
3572
9278
3292
803
7874
654
6237
2158
8042
332
3732
3772
5214
2037
2862
2497
1133
7649
3840
6345
7971
9706
884
4248
6959
9045
7211
8790
8360
6551
5681
9219
6374
625
5215
8551
5620
7724
2983
6483
6565
2548
2115
8405
9543
7664
2273
7549
9183
5824
6991
1833
2141
7381
1034
3380
5065
2639
1157
8620
9918
7272
6344
359
8016
8387
5972
7428
7594
8230
6317
5760
6006
4866
8164
3233
7426
3519
8625
5943
2131
7065
661
5041
1796
5725
3056
7283
8606
4894
2886
6579
4973
8421
3421
2594
3841
494
3042
274
3125
5539
7765
2268
5606
975
1003
7448
4922
8172
7268
4244
1408
7369
3485
295
4665
7038
6285
6251
8120
8179
4325
3739
2968
4802
2883
63
3824
5425
6087
2422
6016
4249
5169
6508
6967
4913
8495
7151
4466
892
4854
8687
4639
1688
1510
8999
799
7695
5562
3715
6940
6083
9264
7704
4795
9994
4790
3546
10
7231
9481
1532
723
6230
6927
6262
1129
6019
8925
8370
9670
6096
533
2089
851
6868
4238
6284
4279
9043
5387
4717
5003
1570
4753
9366
6082
204
3654
9295
1466
6667
7049
8676
9609
4741
9646
8346
8596
2735
7256
4111
1125
4946
9389
224
2468
552
3427
372
2430
8971
9896
3911
6240
9779
6493
7316
1178
2713
2924
4652
6682
6571
5480
8193
3368
4464
3535
8148
8034
6178
4101
8109
4138
9917
7045
9901
1235
8088
5363
787
7056
3410
2133
9894
4185
4180
9995
8052
8292
2765
9355
9302
9360
5862
2864
112
9076
1317
2116
6882
6993
1395
9353
1786
2336
4707
6635
4726
7777
2249
9222
2161
4555
1693
9740
8245
6195
937
304
4647
6080
8627
3814
1906
1525
7146
2240
1505
8527
1068
8056
9483
6601
1602
7901
651
9934
4490
2203
7244
3683
7279
8886
3096
5860
580
9891
4780
8638
3632
8569
9644
584
2834
4146
835
7584
2408
779
9682
8541
4885
9697
2643
386
8235
6398
5565
3275
5535
2271
3061
1976
3787
246
3377
8907
9640
8175
505
998
6958
7470
4542
3645
5696
6753
9749
8130
5902
4415
7745
7185
354
4743
9414
5334
6820
9744
6457
8473
1218
6838
3119
597
4658
4859
148
426
5351
1920
2637
4350
4732
725
6048
8936
703
50
7575
5205
9540
5463
7750
4144
4881
8930
8534
8351
6245
4169
8546
8460
7723
8423
6352
8945
2665
2352
257
2680
4434
9669
929
5381
4831
7342
9447
3714
7351
662
3437
2300
3097
2067
8628
6399
9480
7458
1885
5520
1051
4837
583
3301
8823
593
9560
7143
4286
8364
3759
5935
6131
2335
5519
1388
4640
722
6455
8812
9871
7216
5407
8558
2759
6270
7650
9435
9568
9662
5700
6071
479
5002
8366
7694
8539
5410
8662
6767
3741
5550
1937
5318
6962
2409
175
2736
7524
6520
901
2629
1008
1821
6458
2928
1063
7690
221
6856
3581
4800
5238
2986
9334
8990
2612
9287
3483
939
4251
8604
8003
9012
6206
2720
3019
3323
5893
7046
7117
3320
6500
6521
2827
4487
4435
7912
9980
6213
3345
3543
4100
5694
8811
5454
9457
8608
4589
9418
4285
9279
3846
352
1005
6420
9542
2517
5423
8266
4444
492
1836
6592
9868
805
7333
6518
6187
6116
1193
1308
7885
8159
6756
4806
6460
4578
6465
7918
952
8554
7576
5057
1612
9477
3186
206
3849
8818
5261
1843
6298
9707
5421
234
4038
8226
2241
8134
2410
4246
8341
1400
8530
910
1428
51
8836
6484
9075
3838
741
7191
4841
4989
9241
2398
2840
839
9718
8565
3713
6697
4328
2729
8319
5372
6603
1935
2900
4006
1985
6876
3944
8386
8783
5281
1556
9424
1804
9774
5151
3563
2836
2094
4637
483
4421
6496
7651
7577
5954
3945
4767
7847
4703
5786
9663
5944
2767
8058
240
3982
9244
4360
9474
4873
7608
649
5114
3124
3651
1763
5272
2081
3872
5257
248
6532
4472
8506
1365
4826
6819
4200
6668
515
3542
1268
6860
5263
3402
7713
2771
154
807
7717
7638
4062
7860
4565
2608
4089
1254
961
1521
5329
6610
2642
8101
2577
8721
9941
117
3831
6864
9825
250
1527
9916
2741
9343
7593
840
1531
9299
5611
5195
4326
5462
9252
5774
2450
6915
6693
291
1805
4880
6799
4424
2906
5945
5986
9475
7652
9068
3209
658
9095
3942
1050
6986
9678
9174
4857
6919
8051
473
2817
2544
7072
7001
3231
7867
6945
4278
8396
4327
5461
935
2244
5141
8629
4601
1708
3913
2705
8809
6749
9298
3085
8734
6501
1106
8571
4233
3630
2103
2021
6459
2453
3492
5892
7314
3212
345
4970
1069
6263
4355
8658
6215
3790
9580
6392
6432
6031
7077
2076
3450
2188
8669
5818
4791
6355
4568
4978
8153
5536
1028
8073
3479
8518
2313
7325
4636
4944
6470
1168
5501
6798
3030
7554
1716
2927
8304
3886
3832
6382
3985
1307
7487
7810
44
5685
3021
7985
380
1868
2294
4381
562
3024
4722
2491
8354
5373
7270
7851
6849
2732
5457
8358
288
5347
4212
413
3253
4822
7111
2128
8249
1553
2688
9598
1856
7773
8950
476
8199
2071
7861
772
6324
8309
2546
7434
2948
1210
197
4626
7384
1445
5754
321
40
2440
3269
5522
4575
9705
8786
4126
3286
2385
4735
9886
2636
1352
1384
2418
4708
3392
700
6322
788
6631
8091
8656
2297
1973
7479
4067
6972
7569
9324
7560
2865
5091
6387
4165
3973
9330
7957
9824
9466
7925
8456
4396
1007
6142
606
9130
4322
2768
6424
3215
9452
6673
2096
2890
7156
468
3010
7106
3445
1285
4035
6528
4376
9255
8278
5874
5791
4303
5110
1573
688
9218
9656
7831
82
2959
7429
4403
5107
4161
887
6629
8516
6218
3472
9752
5282
3612
7757
4801
7582
5777
1896
4770
3237
1598
4815
9767
6939
7328
9747
1119
9347
7030
818
120
1135
4356
6503
4751
4019
2573
8470
4951
470
6778
2982
8918
775
1784
1929
5778
5702
5444
28
3150
5005
6587
6209
9221
4810
8979
3736
1465
8102
4544
4361
4890
8580
6707
5955
273
4160
4369
5132
2228
853
5389
3819
2086
9336
4462
5174
2275
65
4239
8705
2652
684
5321
6547
9401
9508
2245
6701
1325
6072
2229
8184
8116
4779
4484
8208
8768
8380
9395
3616
3155
1998
2626
5234
591
3178
6894
9031
6516
4902
1530
5738
6166
4465
4609
9527
3537
8689
3935
8503
5473
3356
6123
1150
8129
6973
9624
960
2859
8139
2918
6049
1776
9776
4765
1342
4453
864
9078
5653
1354
5304
448
808
1795
5585
2
4090
472
121
1640
2806
7999
8514
2809
4297
9945
2235
6429
5918
947
3587
811
1442
7997
9743
9929
4030
4336
9955
2781
2761
2195
2018
4196
2437
4060
6199
9392
2272
8344
9263
6507
2998
6504
632
9603
8703
4052
2997
41
454
5793
3617
5925
9427
8359
594
2302
8022
72
8448
6760
4700
4501
5481
5030
1882
8972
3684
8171
3740
4181
1630
6955
7903
9134
1001
8499
9058
6880
7815
6818
9132
9931
2363
585
8314
1863
3805
6050
8900
5990
6853
635
5103
2734
3373
1817
5051
237
4878
8889
146
9448
989
8891
6657
8921
2899
5511
6318
9450
5443
5643
1467
2932
5042
3892
5370
7590
152
7687
7178
2472
561
949
8414
1572
9185
1651
8076
6118
7010
7679
974
4190
9308
8815
633
4031
9552
9066
4986
8187
3351
7476
9005
6088
5717
369
6155
1576
3991
9639
3468
1567
1421
6100
4552
6951
5254
4981
6774
1659
4713
8594
2050
3207
8336
760
7965
8576
1115
6624
8798
2310
6205
5191
8963
5506
6609
4389
6332
1101
948
471
5662
1972
7623
3153
1321
6854
2104
1259
5420
7411
3670
8704
3422
7926
4603
1634
3254
3126
6035
6599
8375
9596
1189
4211
3937
4956
9297
2342
5765
9394
5543
1453
9440
9653
7364
3078
5697
7052
6356
9719
218
5252
355
2800
8548
8588
8209
4764
393
2683
3465
2299
7240
2380
4834
7870
8221
1485
2872
4523
2444
3938
3608
3817
6825
4763
1534
7335
2820
6830
3216
6001
5759
9924
1551
7253
1689
7400
4882
3717
1500
777
1368
3334
7414
2662
4738
2861
247
7716
9838
5346
8406
1234
9246
2024
9565
9080
5549
5953
3865
6401
2520
9881
83
4907
8333
1648
7808
6743
2588
496
5690
4008
1610
3779
5303
1969
4553
8585
6982
7884
6511
4661
64
5096
7486
7157
8099
1568
4577
6608
3785
5027
7471
1871
2095
1214
2780
4092
8536
7628
982
3387
557
6809
8247
9751
2022
8981
6905
4449
444
2459
3309
4775
3613
5320
9600
1483
1187
125
9322
8927
4037
9313
5969
4980
9698
3757
4631
5225
9074
1463
8027
3403
739
9764
7730
3753
1180
1475
7642
713
7483
1112
2754
1249
2916
3313
6057
2835
3728
5200
1457
3123
4024
9056
5708
8838
5177
943
3354
8630
3701
8085
5555
4566
6495
8297
6910
9248
3888
323
5514
1367
7009
4164
908
6781
2384
6293
1418
38
1552
4032
5306
3009
1349
7509
5746
4888
9102
8487
6456
3631
8438
7743
6404
9784
2148
8673
6647
802
8481
4042
3719
510
6468
8847
5149
2687
3530
9137
8348
7988
6366
5085
9979
6660
6672
7975
4988
2100
2174
5867
2874
6512
7876
8133
9025
1122
7337
8207
4467
3598
9057
9339
7372
4291
3394
1162
4237
8873
3105
159
9684
8331
7395
8393
3760
1595
1990
6446
1699
5922
8507
7422
7736
2041
1914
6294
6280
3431
1889
5001
277
3527
1117
4404
5668
1723
3259
5524
9667
6638
5949
3389
9306
6474
1675
2974
9033
3671
168
6800
6929
279
3023
4596
8710
8308
8264
5779
1374
6957
1243
5048
1949
3364
5164
7430
4017
3704
4742
2476
1643
2112
7036
7570
6397
2524
1797
3170
8750
2712
15
2150
8121
2516
424
526
4597
9645
406
4277
3662
3606
7121
5551
969
7935
1264
8113
3575
6837
8982
8970
1232
4091
8800
292
9727
1617
2474
9003
6713
9977
8471
5557
2756
5596
8505
1994
3786
7482
7003
9623
2072
857
2013
2752
8517
2604
4868
3359
2987
8609
7168
2858
2670
2606
6704
852
6918
3648
6627
3801
5699
6153
1934
5159
4835
7153
376
2673
6533
2090
4860
3167
42
160
3199
666
3157
3297
4808
4214
8572
1225
2703
8032
1899
8149
2668
2958
9008
858
6903
8776
3117
7531
6549
1566
2025
9465
3264
6923
6586
254
9300
1088
7812
8257
8136
8510
3138
9259
7502
4142
999
4119
5845
5253
9586
422
5248
7301
6870
8903
350
4685
343
3262
972
8844
3277
6615
7348
497
4600
693
5350
9844
6709
3863
310
7088
1575
6179
6740
3473
9820
5529
7877
2097
8212
773
7661
9787
7140
8680
1067
9899
5113
2691
8338
6339
4975
7668
8064
6409
543
6368
2726
8201
9090
5905
1083
3853
9950
4232
3867
6677
4191
7184
8326
316
2776
5357
7970
6381
7806
4840
9819
3245
7417
5323
6762
5178
5112
2260
7066
2716
7070
6960
2267
9928
1538
7196
1093
9223
9714
3397
9562
7624
848
8378
4843
2238
3271
755
7358
6044
1332
2961
880
8682
8322
8299
85
9690
5635
1953
8007
5571
3889
8440
7978
2894
3241
7068
4375
690
8439
127
9570
8807
3880
938
1738
4047
7675
1082
888
2205
9800
2837
2669
1537
5642
571
2353
8098
1369
3675
207
9126
2931
1601
6745
5032
1406
7324
5434
9577
9496
8397
4691
1461
8749
66
6937
3463
2052
6449
8566
5715
3698
6895
4141
9282
2002
9889
4437
35
6842
8248
7732
9925
825
9055
6227
3433
8553
5379
816
2156
7735
5258
2603
3593
7937
844
875
5246
9409
9364
1141
2284
8063
7552
202
7859
3077
1121
1943
5354
8238
3600
8919
5097
8
2181
2146
8480
7226
1707
6314
1542
269
3133
579
7288
344
7517
9195
6988
1603
9128
2966
4683
5967
9213
7909
365
2214
7261
8650
7929
1100
5528
8616
3372
8714
5198
208
7265
2591
3547
6377
2513
9170
1345
1667
5009
2312
2740
9582
6410
5682
2298
1048
5224
6154
2250
5371
1294
5036
6761
861
6092
9978
7120
631
5418
8404
2343
4393
9270
9828
1619
6039
566
8634
6728
3222
5569
7494
3232
9151
8117
8957
2795
9915
5887
4534
530
6906
7390
1925
6101
4538
8146
7658
3597
2122
3722
4966
2571
1835
7467
1767
9429
2728
2347
567
177
9536
6725
1054
8599
4070
4082
4028
4450
8715
2812
5832
697
7670
9131
3710
383
162
2790
1084
2615
8960
7454
3370
2151
6305
7421
7207
1110
5295
3185
4524
8449
669
9862
6574
3972
1289
2028
459
2596
7398
2003
4036
2772
6412
511
8522
8923
9935
3754
3486
5356
3057
6917
2912
7622
9949
7702
7984
7357
2925
6641
761
4063
2911
2478
6388
2237
5060
9006
5670
5343
4188
348
8066
8408
2319
724
672
7990
1808
3901
9232
6328
4311
3984
6148
8374
2627
1764
705
4216
6768
930
2360
1404
5573
3202
1300
5043
8436
1830
398
1735
5037
6879
8677
7534
8736
6542
4300
5512
9631
5181
3017
2375
4213
4957
2442
9715
940
1881
812
5502
8479
1139
9274
3315
187
6527
5783
9607
9872
8738
6068
2649
9040
3764
6783
6113
3470
5613
54
1938
735
2176
7698
3174
8286
5861
6221
5078
9619
7548
7112
797
6999
3526
4018
521
9797
2647
7462
441
5711
1533
3603
3988
2123
4960
4269
6010
3834
2321
2949
9903
6872
2168
1387
4984
6969
7488
5173
2881
1632
7266
1799
8670
2648
2234
1593
9257
6421
4996
4221
56
8124
7506
5025
6890
186
1253
3326
6425
5538
4611
5762
8846
971
211
1866
6316
6617
8593
8445
9884
2784
1137
979
5513
5631
1071
6311
7159
3532
4241
9189
5537
3168
3375
346
4334
5640
281
1124
4474
6141
8906
7247
2972
6440
9016
9164
6320
6259
6192
9548
4469
4977
1375
8547
1946
9036
7341
8474
2187
8284
4917
1250
7756
6436
6379
5489
1860
5404
970
9085
3624
7823
1740
7636
6689
6297
7011
6815
2537
3931
8567
2600
3768
1499
1846
3274
4345
8792
6140
8977
695
1724
5490
6415
9186
7297
5822
4417
6739
7209
6742
7234
5959
8939
3885
5045
7304
3489
2907
9971
1324
6475
3884
8077
5677
8563
7504
7779
8808
8856
2420
8190
2678
1151
1579
7443
8494
7024
7520
4514
7923
433
7307
2469
1497
7128
1778
8502
8195
1818
1711
8538
4614
7225
9387
2456
6235
2011
2487
3695
2674
6806
2493
9537
6947
582
596
429
1288
3083
1609
9501
7809
9067
1339
391
8754
3340
2597
7514
1167
7002
6703
1248
3528
5821
7188
3775
3300
3295
3477
7793
1412
5251
2183
5835
293
9892
8877
6418
5071
4776
1394
52
6794
8787
9734
18
6996
4971
4333
3214
1114
4485
7979
8983
216
129
2965
9710
551
8862
8262
6613
2204
3384
3602
3307
4525
6916
1650
3306
5477
8696
1777
8579
3319
7145
2697
7843
9498
4452
1330
4390
1940
6312
5507
1981
1195
5929
5833
130
5592
6793
91
7086
6000
9594
3646
4207
1256
6669
8833
8678
8173
2504
8036
4392
8424
9482
9438
5328
339
8391
435
9374
3862
1999
3551
506
849
8394
8080
4264
2587
9237
5855
5397
5111
1284
1188
9589
1892
3574
6132
403
5058
9587
6645
7425
3962
2393
5210
1403
8653
7941
9997
679
4319
4746
4287
9982
4305
7249
4073
5426
5763
7875
8941
3777
736
138
9759
5081
2672
5652
7738
7108
1
7255
3049
7356
513
6085
3236
7287
9243
4709
5966
1490
5769
6073
7243
4798
2069
6480
230
9101
2733
740
4653
4162
4310
4976
3098
3947
8860
8767
6911
5909
8350
4714
1812
8384
5068
7709
9359
8909
3745
7161
3439
5455
1727
6186
5844
2882
1378
2855
7222
1032
3379
1962
9348
1569
2132
260
314
663
8924
6513
9415
8515
916
5070
7119
4402
5897
1649
5695
6108
4664
2523
1869
3490
5341
9303
4936
8112
9467
6268
4673
8841
1529
4999
9681
560
8482
5242
8035
7846
4130
9158
5930
5960
1089
6848
4689
5118
4353
2082
3755
3700
6936
9202
5928
431
2230
9378
7292
1355
276
7749
3376
7116
4498
3565
6281
8045
711
6056
22
3724
9331
8603
9386
7453
5863
9384
145
1927
7519
8894
4133
8296
1624
5542
6489
9561
212
6836
2225
7693
9509
4766
3689
8185
7370
4256
209
866
6441
8369
850
8822
4227
7754
1957
8365
1755
8246
7625
7982
4192
2199
5841
540
9207
7835
9853
302
8933
9966
4686
2403
7799
7152
7813
6770
1470
8270
7408
341
6826
4516
9021
235
9093
1681
8686
8758
498
2178
1200
3776
9027
457
1356
2023
5117
2985
7880
4606
4397
2620
4170
8636
1014
9692
2700
764
8881
5912
100
3478
9845
4727
9652
5701
3983
7343
3076
9816
7917
9986
4318
4095
76
2289
964
5073
6594
9790
2952
8849
2458
6452
1423
1040
5345
1318
455
1383
2514
3903
867
8385
4457
4974
7004
1182
1030
8154
7338
3833
4929
1663
2027
7321
229
7394
7171
3459
2633
2192
620
8090
7174
2764
5684
9471
2853
5564
6780
8367
3188
6541
1323
5773
5911
9515
4812
5417
4053
2339
2044
5079
8915
7431
3951
6543
4134
9172
9404
3609
4368
1841
4926
9122
9349
1703
2721
1260
619
6821
3029
7840
7076
5160
1390
2482
2702
8504
4429
1992
7433
3941
2077
5203
8648
9921
8770
1239
6808
1460
7798
1516
7712
1548
4348
4587
6692
2258
3557
7282
7546
9141
4872
4076
1267
3808
2518
5851
9181
2311
7263
4105
6777
9526
6831
1847
411
7148
7676
3812
4005
7435
4659
8825
1454
7828
5056
143
559
347
4302
7299
139
8019
4271
3004
6829
3797
7069
6805
2049
7681
7714
5403
6852
6515
685
9004
3228
244
1781
7089
9046
994
5377
6600
263
7616
5825
726
9768
4930
1771
9412
5545
3733
2561
3989
4615
3204
1806
1559
882
7916
8879
4889
5217
917
1223
8001
8417
7449
517
9601
3084
7296
1438
5879
2766
9968
6974
3877
8645
5836
2252
9272
2893
5004
1574
4071
953
9454
7665
7631
3615
6575
7644
6110
9742
645
3198
4833
2724
623
2757
5360
2209
7485
9127
4193
1278
1908
665
8353
1660
9813
4842
9904
3967
2495
4821
8660
4072
1945
5270
8854
2259
2427
906
9434
1450
3164
2372
6710
8031
4754
7915
3213
5732
3883
598
5627
5296
4848
5105
9030
2852
9029
1123
9230
6602
7101
88
3425
9398
7418
1669
3382
8732
1377
3169
7300
8011
2679
8529
8422
5996
1561
368
524
9161
5235
8285
4274
8564
238
7886
4762
236
671
36
1476
1205
3243
9436
5228
689
6481
9958
9574
4624
4916
9456
84
5317
8447
872
6824
9405
2937
7053
7621
6269
11
4114
8667
4657
719
3336
9545
9933
2799
4641
2775
2719
5660
4935
2365
5859
6925
2773
6946
5991
9148
2947
3731
4893
3923
5279
8994
7667
428
8965
9100
1228
9147
1589
1227
78
389
6127
1480
2653
1464
8461
5275
4455
331
3491
683
1021
4014
1590
9890
682
14
1350
512
2162
3524
7081
7144
3454
7976
6283
1883
1928
4560
9621
4189
7526
4518
5315
3596
6987
8870
1528
6595
6256
8635
6067
8782
6207
9765
2201
9668
8942
6030
4298
6290
2576
3048
5744
4655
1978
1705
29
3950
6578
173
1958
3986
7450
568
6652
1879
5797
2981
2014
6708
3705
8060
3341
6873
4174
2350
7375
5365
8600
1221
8014
6147
2251
303
8820
1282
5031
7043
518
1142
4383
1361
1775
5541
7891
4876
3979
2283
7063
3640
3555
3461
6772
3882
6426
4351
1455
3954
6122
659
170
3995
7500
2164
1472
231
2805
8483
827
1554
5021
5809
1698
7586
1102
8490
1136
6784
5910
9054
7899
358
2165
219
6408
3735
4066
1002
4676
6214
2419
4158
9860
330
307
5274
6685
4147
7047
3020
9866
4075
4796
946
8156
3498
8556
7583
4777
1731
5022
3977
9479
6844
7055
6025
9044
3835
6062
8224
4721
5469
9206
2117
6343
9296
2843
9794
3369
4167
3766
1765
9608
3623
9317
8532
6299
4155
1851
6128
2845
3400
5460
2406
8681
5116
2429
1145
2295
4844
2404
1535
6427
4789
8232
3444
4419
9176
9555
58
1563
7329
8521
6675
3196
3711
6063
5196
1220
575
4433
2934
1128
111
2630
1265
5645
4948
9369
2127
5451
2870
382
7346
3015
1933
400
3407
8317
4548
7198
3038
2622
3621
3100
2791
4220
5415
2995
8743
1444
898
124
377
9551
1814
2070
7498
5847
8757
1276
2084
5688
1917
6978
6834
4725
1519
7254
87
9595
3145
2601
8281
3037
8388
8865
2943
7071
5369
4830
5259
3734
4769
8795
1770
9184
7326
67
8723
1120
9895
1742
2512
6970
1627
4378
995
9112
6912
3917
8796
9009
5767
2029
4539
1721
8878
6334
1396
6393
4048
8713
4414
4979
6124
4610
1023
2704
4324
5244
3656
4309
3280
1616
8261
1425
5576
2349
2085
4050
7155
5223
6568
3458
6261
8362
2611
8282
172
2257
6934
4486
1506
2314
3111
1870
6078
3980
4236
7228
6008
1827
69
97
407
2490
5742
9345
8315
3619
2745
6244
2463
4503
43
3678
2711
2065
2945
8435
5940
9572
7872
7093
1895
3642
7556
4554
4731
2904
1213
838
6216
9463
5526
1097
3854
9503
6671
1853
5840
3875
4440
4824
5441
93
8442
8991
1310
7040
829
6938
5064
2811
4493
967
9064
1073
8975
3064
2415
4358
7611
351
1582
8840
6792
3234
6040
6847
4807
8995
5625
6775
814
3521
2535
9713
7932
9983
5494
2073
8760
926
9453
8890
2650
178
4520
4680
1326
4459
826
2990
9809
2455
5504
8254
5062
9674
9165
9376
3303
7396
4931
2646
9041
508
5517
179
6758
9699
9975
9730
475
3079
7374
4654
1932
4906
6423
8693
5515
5957
1255
2664
3298
5405
3420
1641
5269
5010
2519
8976
4853
1828
4065
1656
6790
9781
1677
3583
4177
4106
4964
5621
984
3976
4096
6309
5299
4590
7510
6194
3896
9086
795
9194
3067
2035
4856
6033
2145
3958
1331
8078
232
8712
4270
629
8618
7551
1207
4009
2580
2448
1788
384
1169
6022
5129
3584
9810
4682
259
822
9969
3588
1661
1138
1281
1196
4849
9059
563
3481
5035
4184
9717
5561
9685
950
4622
7954
1604
1517
1287
7905
9235
4949
8026
5023
1807
1792
7948
2465
7855
7096
4386
7317
5724
9346
1599
7345
5758
8216
900
627
5402
919
452
3803
456
3601
8162
4531
2610
5000
2180
4257
4616
595
6391
2828
6611
5907
6201
2376
3317
5458
5647
2631
1539
9992
4222
9495
536
607
9123
4281
1109
6981
7633
3438
5138
4223
3464
2379
9943
944
1686
9878
3682
113
319
8655
2563
3723
6451
1044
4592
1819
8557
5651
3915
1501
7613
3577
2357
780
759
4730
214
640
3055
6797
7018
1208
3837
4952
3102
7854
4556
3895
8848
5449
9704
8303
283
7039
5637
1666
3449
7627
6069
9753
144
5687
7778
7275
4712
21
1993
409
19
3655
2047
3058
6909
6149
5220
7271
639
5683
3069
3806
7795
4002
2778
1546
3308
4102
4953
2887
6239
1690
6042
9428
2526
1036
6514
4306
4020
4148
3349
1625
6448
3337
9880
750
1772
8908
2054
5157
9956
9372
3073
8363
9231
6908
9326
203
2068
1558
4441
546
7746
4768
8025
4112
7141
3586
2137
5431
5782
7727
7699
3452
3087
7496
4373
5088
2659
6679
9529
9691
5339
6070
6
9788
9420
2063
3679
6129
6330
2102
7882
9611
2617
3189
3115
7993
4892
3223
95
1875
241
4168
4867
9741
980
7179
3314
8893
9939
3660
404
6719
4814
5249
270
9976
4255
4331
5956
5689
2033
2026
251
1241
9634
3857
5761
2992
6558
6630
1335
8005
3014
4605
9687
2849
3276
1422
4205
4288
2099
5077
1407
9613
6447
4521
6034
1613
5998
1848
8192
6858
3856
8082
1662
5288
5375
7468
9051
1628
9850
1434
1620
6570
4
7200
2936
7807
8824
4245
9162
5307
7194
793
5300
210
914
6952
7475
3534
3443
4159
4086
3028
3293
7678
1363
1680
9772
9614
2473
7456
7868
8897
4365
9745
3002
9240
5650
9225
7217
9212
3502
5735
8140
5648
9489
9455
1338
9269
1494
6189
9712
8622
1033
4316
6968
7190
3953
9050
4783
6336
6252
2435
1810
2922
8828
6807
8279
4061
1890
5327
2522
9799
6347
3864
5500
9121
1316
6378
3694
9052
155
4499
4045
854
1340
1152
7630
3022
1588
5605
9829
3208
3219
729
4157
3893
7206
7235
5335
6702
2718
2227
4054
4395
1502
8657
9806
2486
5452
846
8356
7857
8028
9549
493
6184
1596
1247
2920
923
2031
7939
3148
6319
7966
5757
6537
8898
2407
2499
5033
1301
9946
9261
3027
5946
6899
9720
6729
2566
3332
5920
2337
7412
2971
4832
2083
5218
7012
1791
445
2087
668
630
8804
3278
6111
5277
460
601
8274
4046
7352
9654
2760
6538
9276
5121
99
4206
7525
5305
5933
9289
6058
4385
2256
5939
574
8814
3423
3203
8568
7103
3641
2163
466
9789
1585
252
9659
3934
7822
1059
4909
7994
1319
5634
617
701
2155
9032
3328
8727
727
5794
2411
9476
1479
6193
4145
1922
4004
9284
7427
7100
5232
4774
3338
1424
6892
3430
4194
1646
3611
1857
3496
9273
4400
6990
2655
4208
7542
5476
3525
3560
5952
3706
8590
437
5873
4933
6292
440
2475
3122
833
7780
5505
86
3142
3044
164
198
421
9805
1134
6989
6690
8044
4645
6136
3018
5319
8843
7906
8243
6005
3063
425
2656
6561
5644
3251
6509
2663
5869
1140
9581
9525
6686
282
3033
3310
7865
9411
1826
1370
6156
8708
1270
4012
8744
20
9069
6327
2854
3357
8428
1780
1062
6748
8131
4950
4959
3518
3578
815
1761
2182
2154
2609
6540
1149
7202
2216
6011
7961
8651
1015
3344
4371
670
4985
4057
5566
650
4811
3385
8725
9426
2206
5548
7090
8830
909
490
3667
6718
1647
4557
6173
1087
1514
991
6150
5813
8969
199
37
327
3163
7193
1739
3205
660
1026
7836
9104
9887
7953
7563
3966
3788
1706
4646
4591
5147
1211
2397
1837
2361
1357
9693
2263
7083
2467
3746
5162
7753
9679
5495
5336
7796
245
1955
68
5947
8065
7097
5226
3134
9310
3290
6027
5588
9701
913
4347
2950
7561
1443
4275
4740
488
1509
8097
8068
8826
4816
3963
8352
1657
7600
5496
792
516
9109
3955
7536
388
9801
7281
3774
6462
2529
1086
9200
3118
5080
8685
504
1091
5326
907
5392
284
6720
809
604
7160
7562
1564
70
4171
4962
4757
2738
9754
7242
6563
2441
1785
9208
2334
1358
1283
1165
47
1190
5882
7320
419
1272
1343
2167
7529
1166
5247
4875
2744
7313
8250
4093
652
1555
1834
9732
4716
8497
9539
8277
1431
6976
8204
9203
3089
6618
2605
8381
5992
3120
4215
5691
7368
785
6488
9882
1884
3876
4928
5995
2602
4154
6361
8168
7547
1183
2951
5523
5934
2303
161
2061
9962
3436
1931
2232
3494
3250
3666
5848
3663
2821
2288
2842
9377
589
869
7508
6300
9267
9926
1170
3897
9071
2505
1416
2056
3107
8668
6726
9991
7
1448
2405
8395
6276
7936
7852
3335
778
7154
4829
2941
4140
8128
1726
1639
8583
2140
1302
8920
2051
2394
2243
2193
3393
4604
2318
4550
981
4129
5710
6522
4113
6786
7789
309
6746
9087
3930
675
1362
9520
1668
5595
3887
3836
396
4023
5591
1996
3809
2891
5789
5156
2320
4671
7034
1107
1231
1328
4430
7438
2445
2942
6661
2876
4612
5546
1773
1280
2045
5094
6734
4338
6696
5533
7845
4380
7331
2019
4513
2135
8462
3160
4055
8663
2130
7158
6659
3742
2598
3580
2215
4447
1108
4836
5487
9618
9564
361
7533
762
2005
8949
8107
4687
8180
4737
8198
9967
6146
6308
4509
8053
9716
3109
2578
5810
9863
781
4508
7491
4724
4579
3190
3428
4230
1607
4359
1244
4570
2558
3538
3914
7377
2202
2903
1351
2377
7609
3050
8229
1236
9124
1131
1184
3052
8451
4087
6980
2574
8896
6126
5131
4994
6172
1493
3964
874
2555
3469
4461
5602
4672
7684
7264
285
677
3579
7972
9724
3346
6105
