783
820
112
492
701
774
997
677
575
892
386
517
19
229
882
845
347
990
479
225
75
435
963
615
980
176
135
865
912
817
331
715
940
880
855
858
700
890
616
340
201
651
29
299
974
894
130
423
449
350
653
364
129
551
379
582
216
497
43
779
220
85
599
627
574
303
109
97
417
737
81
101
412
994
888
809
597
319
560
752
989
318
708
290
146
178
833
147
24
304
346
790
59
993
90
385
645
405
495
490
4391004
440
474
506
682
739
471
330
226
946
246
850
275
957
649
768
729
895
36
281
467
321
357
370
348
268
972
121
381
581
132
767
69
466
976
358
967
62
345
316
903
108
747
380
158
197
376
851
803
819
432
175
68
852
813
363
555
911
514
554
941
665
167
86
619
64
703
504
488
954
859
40
975
317
141
458
714
39
308
344
444
546
274
114
41
688
771
697
433
981
658
683
522
180
342
547
698
542
443
527
843
257
727
315
842
853
723
149
44
983
430
446
743
104
949
228
823
794
875
361
625
410
296
762
966
719
250
586
377
157
267
402
98
741
397
906
828
204
269
923
338
854
549
171
14
826
614
154
580
648
808
28
822
969
846
914
873
834
864
164
726
193
718
759
515
89
893
831
535
773
805
99
662
532
641
520
680
749
210
907
996
307
369
411
668
374
523
409
978
333
529
415
608
156
862
789
261
948
32
271
91
37
838
588
427
481
548
550
849
534
587
390
475
222
770
292
590
300
464
664
716
88
73
252
928
879
460
600
230
373
920
22
772
47
815
473
486
839
161
155
692
687
736
732
278
786
930
52
509
169
395
702
953
394
508
733
470
489
979
123
825
650
986
78
61
2
663
874
294
568
232
198
437
939
450
666
179
754
4
730
763
897
684
310
924
531
567
896
426
79
630
760
830
642
209
933
484
118
525
325
248
270
457
612
913
557
326
740
102
622
58
365
807
796
987
631
233
205
282
916
434
287
613
84
163
516
562
829
541
414
469
861
918
288
408
869
646
722
872
273
120
249
970
633
213
705
624
563
472
419
812
558
425
150
337
72
958
328
356
211
878
528
757
264
931
695
769
375
596
203
313
76
245
172
604
306
904
792
660
503
605
776
559
640
576
11
518
49
867
801
696
713
965
80
868
182
23
793
359
482
314
452
592
305
42
138
728
934
477
284
951
126
223
260
192
900
339
221
636
791
935
244
10
908
693
388
177
961
926
215
336
280
27
661
285
540
566
498
436
871
545
710
512
242
107
968
673
533
9
947
561
82
707
25
593
877
187
341
480
748
821
291
55
459
188
704
659
349
841
891
583
988
332
494
320
775
396
236
145
148
263
240
959
186
943
312
111
720
71
744
298
194
162
378
992
256
811
671
952
301
18
286
950
276
927
667
279
998
393
421
824
606
12
441
654
617
594
899
725
57
31
836
766
461
202
416
909
901
634
543
628
422
254
1
237
152
681
96
620
439
33
887
960
621
607
798
94
530
259
734
973
181
142
639
54
170
224
816
487
565
70
573
160
368
799
483
251
45
383
818
234
183
635
572
910
519
784
392
742
886
945
87
238
676
243
454
352322577
354
173
283
745
445
712
119
428
139
387
329
746
526
218
15
536
46
7
239
513
110
780
403
638
38
577
207
898
448
103
247
5
761
105
353
463
781
272
189
656
95
885
787
404
711
184
116
685
564
166
876
955
652
143
134
343
136
122
295
384
424
6
814
255
800
196
217
438
66
511
144
510
468
499
863
782
324
502
355
200
738
937
335
788
844
289
231
984
366
690
77
956
476
50
655
322
190
579
371
591
756
456
500
866
570
63
985
159
689
929
618
578
462
552
629
48
265
758
810
982
362
124
34
35
857
478
832
351
675
797
360
501
151
881
602
505
601
455
750
584
995
672
106
60
401
905
753
406
925
297
407
214
219
398
848
709
496
647
100
944
235
137
262
603
938
717
556
56
241
538
917
168
227
382
802
524
323
93
699
65
451
626
309
258
185
840
399
544
889
13
678
418
174
936
352
133
153
991
679
507
835
724
128
208
140
589
113
74
125
735
609
67
3
334
804
751
491
623
765
420
453
391
26
598
195
921
83
686
755
447
942
53
919
837
127
884
637
253
806
669
117
883
694
731
485
521
8
553
595
706
131
302
493
191
644
16
964
795
860
165
431
610
442
30
785
674
199
721
915
389
367
764
293
585
932
971
537
962
212
429
632
902
691
643
777
670
21
277
856
539
20
266
657
827
778
327
413
311
465
571
92
17
115
569
611
400
870
206
847
977
372
51
922
